91,3
91,1
39,52
39,49
39,43
39,39
39,38
39,36
39,35
39,33
39,32
39,31
39,27
39,25
39,22
39,20
39,17
39,16
39,15
39,14
39,13
39,12
39,11
39,10
39,9
39,8
39,7
39,6
39,5
39,4
39,3
39,1
11,28
11,27
11,26
11,25
11,24
11,23
11,22
11,20
11,19
11,14
11,13
11,12
11,11
11,10
11,8
11,6
11,5
11,4
10,303
10,302
10,301
10,299
10,297
10,292
10,290
10,289
10,288
10,286
10,283
10,282
10,279
10,265
10,264
10,261
10,260
10,258
10,254
10,245
10,236
10,235
10,231
10,229
10,227
10,226
10,224
10,214
10,209
10,207
10,205
10,201
10,216
10,188
10,298
10,178
10,300
10,169
10,110
10,167
10,176
10,163
10,274
10,161
10,164
10,158
10,70
10,2
10,3
11,7
11,15
11,9
11,18
11,16
11,17
11,1
11,21
11,2
11,3
10,154
9,7
8,4
12,2
12,1
12,3
20,2
20,1
20,3
10,30
19,2
10,1
